Trabalho 2 - Operações de Vizinhança
Faça um documento jupyter notebook que demosntre as seguintes questões:

1) Utilizando uma imagem qualquer, demonstre e compare os resultados da aplicação das aproximações de Sobel e Roberts para o filtro gradiente. Explique as diferenças nos resultados obtidos.

2) Utilizando a imagem descrita a seguir, analise os resultados das aplicações de filtros passa baixa 3 x 3 (todos coeficientes iguais a 1/9) e 7 x 7 (todos coeficientes iguais a 1/49)

f(x,y) = [[0, 0, 0, 0, 0, 0, 0,  0, 0, 0, 255, 255, 255, 255, 255, 255, 255, 255, 255, 255],
              [0, 0, 0, 0, 0, 0, 0,  0, 0, 0, 255, 255, 255, 255, 255, 255, 255, 255, 255, 255],
              [0, 0, 0, 0, 0, 0, 0,  0, 0, 0, 255, 255, 255, 255, 255, 255, 255, 255, 255, 255],
              [0, 0, 0, 0, 0, 0, 0,  0, 0, 0, 255, 255, 255, 255, 255, 255, 255, 255, 255, 255],
              [0, 0, 0, 0, 0, 0, 0,  0, 0, 0, 255, 255, 255, 255, 255, 255, 255, 255, 255, 255],  
              [0, 0, 0, 0, 0, 0, 0,  0, 0, 0, 255, 255, 255, 255, 255, 255, 255, 255, 255, 255],
              [0, 0, 0, 0, 0, 0, 0,  0, 0, 0, 255, 255, 255, 255, 255, 255, 255, 255, 255, 255],
              [0, 0, 0, 0, 0, 0, 0,  0, 0, 0, 255, 255, 255, 255, 255, 255, 255, 255, 255, 255],
              [0, 0, 0, 0, 0, 0, 0,  0, 0, 0, 255, 255, 255, 255, 255, 255, 255, 255, 255, 255],  
              [0, 0, 0, 0, 0, 0, 0,  0, 0, 0, 255, 255, 255, 255, 255, 255, 255, 255, 255, 255],
              [255, 255, 255, 255, 255, 255, 255, 255, 255, 255, 0, 0, 0, 0, 0, 0, 0, 0, 0, 0,],
              [255, 255, 255, 255, 255, 255, 255, 255, 255, 255, 0, 0, 0, 0, 0, 0, 0, 0, 0, 0,],
              [255, 255, 255, 255, 255, 255, 255, 255, 255, 255, 0, 0, 0, 0, 0, 0, 0, 0, 0, 0,],
              [255, 255, 255, 255, 255, 255, 255, 255, 255, 255, 0, 0, 0, 0, 0, 0, 0, 0, 0, 0,],
              [255, 255, 255, 255, 255, 255, 255, 255, 255, 255, 0, 0, 0, 0, 0, 0, 0, 0, 0, 0,],
              [255, 255, 255, 255, 255, 255, 255, 255, 255, 255, 0, 0, 0, 0, 0, 0, 0, 0, 0, 0,],
              [255, 255, 255, 255, 255, 255, 255, 255, 255, 255, 0, 0, 0, 0, 0, 0, 0, 0, 0, 0,],
              [255, 255, 255, 255, 255, 255, 255, 255, 255, 255, 0, 0, 0, 0, 0, 0, 0, 0, 0, 0,],
              [255, 255, 255, 255, 255, 255, 255, 255, 255, 255, 0, 0, 0, 0, 0, 0, 0, 0, 0, 0,],
              [255, 255, 255, 255, 255, 255, 255, 255, 255, 255, 0, 0, 0, 0, 0, 0, 0, 0, 0, 0,]]

3) Utilizando a mesma imagem da questão 2, aplique os filtros a) b) c) d) e explique os resultados obtidos

a) Norte   h(x,y)= [[ 1,  1,  1],
                              [ 1, -2,  1],
                              [-1, -1, -1]]

b) Sul      h(x,y)= [[-1, -1, -1],
                              [ 1, -2,  1],
                              [ 1,  1,  1]]

c) Leste   h(x,y)= [[-1,  1,  1],
                              [-1, -2,  1],
                              [-1,  1, 1]]

d) Sudeste h(x,y)=[[-1, -1, 1],
                              [-1, -2,  1],
                              [ 1,  1,  1]]

Explique os resultados obtidos em função da teoria apresentada nas aulas.

OBS.: Envie o arquivo jupyter notebook e a imagem utilizada na questão 1)
